0 1 3
0 2 10
0 3 9
0 8 6
0 9 3
0 12 6
0 13 9
0 14 3
0 15 4
0 16 1
0 22 7
0 25 6
0 28 6
1 5 5
1 7 10
1 9 2
1 16 9
1 24 2
1 29 2
2 6 7
2 9 9
2 17 5
2 20 2
2 22 10
2 24 4
2 25 3
2 27 9
3 4 5
3 9 5
3 12 1
3 13 10
3 15 8
3 24 1
3 27 8
4 14 9
4 15 5
4 21 1
4 25 2
5 9 10
5 23 9
5 25 6
5 27 7
6 11 10
6 22 4
6 26 8
7 9 2
7 15 7
7 23 7
7 29 8
8 10 1
8 15 4
8 28 3
9 19 6
10 18 3
10 28 10
11 14 3
11 26 4
12 14 8
12 24 5
13 17 5
13 26 3
14 20 2
14 24 7
14 29 3
15 22 1
15 23 4
15 25 2
15 27 2
16 25 8
16 29 6
17 18 2
17 22 4
17 25 9
17 29 6
18 25 4
18 27 1
18 29 3
19 20 7
19 22 1
19 25 5
21 24 2
21 28 6
22 26 10
23 27 4
24 25 1
25 26 4
25 29 9
26 29 2
